>MOTIF1_1.5_8_10_0	8
0.9245	0.0305	0.0317	0.0133
0.064	0.0067	0.013	0.9163
0.056	0.0019	0.9168	0.0253
0.8954	0.0002	0.1025	0.0019
0.8953	0.0006	0.0013	0.1028
0.9193	0.0453	0.003	0.0324
0.9039	0.0072	0.0007	0.0882
0.9024	0.0901	0	0.0075
<
>MOTIF1_1.5_8_10_1	8
0.9246	0.0252	0.0353	0.0149
0.0041	0.075	0.0096	0.9113
0.1073	0.892	0.0007	0
0.0231	0.0345	0.9249	0.0175
0.1087	0.0001	0.0002	0.891
0.0969	0.0036	0.0005	0.899
0.8929	0.0009	0.0001	0.1061
0.0639	0.9148	0.0021	0.0192
<
>MOTIF1_1.5_8_10_2	8
0.061	0.0038	0.0187	0.9165
0.0586	0.9173	0.0039	0.0202
0.0935	0.0014	0.9012	0.0039
0.9001	0.0039	0.0952	0.0008
0.0151	0.0187	0.0428	0.9234
0.9097	0.0126	0.0012	0.0765
0.0132	0.0344	0.0281	0.9243
0.9251	0.021	0.0196	0.0343
<
>MOTIF1_1.5_8_10_3	8
0.0692	0.0074	0.0092	0.9142
0.0738	0.0096	0.9119	0.0047
0.0827	0.0058	0.9075	0.004
0.0093	0.917	0.0109	0.0628
0.0637	0.0152	0.0051	0.916
0.9058	0.0042	0.0041	0.0859
0.9165	0.0253	0.0565	0.0017
0.9091	0.0152	0.0756	0.0001
<
>MOTIF1_1.5_8_10_4	8
0.0727	0.0095	0.9125	0.0053
0.0038	0.0425	0.0336	0.9201
0.0939	0.0008	0.9008	0.0045
0.0077	0.0873	0.9043	0.0007
0.0753	0.0072	0.0061	0.9114
0.0564	0.9171	0.024	0.0025
0.046	0.0238	0.0085	0.9217
0.0857	0.0003	0.0091	0.9049
<
>MOTIF1_1.5_8_10_5	8
0.0267	0.0004	0.0579	0.915
0.8961	0.0015	0.0008	0.1016
0.9073	0.0125	0.0001	0.0801
0.0991	0.0016	0.0015	0.8978
0.0516	0.9183	0.0028	0.0273
0.0091	0.0077	0.0687	0.9145
0.0703	0.9111	0.0001	0.0185
0.8984	0.0039	0.0976	0.0001
<
>MOTIF1_1.5_8_10_6	8
0.0202	0.0159	0.9241	0.0398
0.0042	0.0328	0.9203	0.0427
0.0288	0.0501	0.9184	0.0027
0.9147	0.0576	0.0276	0.0001
0.0487	0.0002	0.9162	0.0349
0.0849	0.0036	0.0052	0.9063
0.89	0.11	0	0
0.8944	0.001	0.0005	0.1041
<
>MOTIF1_1.5_8_10_7	8
0.0222	0.0503	0.9205	0.007
0.0267	0.0222	0.0254	0.9257
0.0543	0.0089	0.0169	0.9199
0.0827	0.9073	0.0076	0.0024
0.9144	0.0253	0.06	0.0003
0.1094	0.0001	0.8905	0
0.0715	0.0061	0.9131	0.0093
0.0614	0.0072	0.9173	0.0141
<
>MOTIF1_1.5_8_10_8	8
0.0603	0.0227	0.0016	0.9154
0.0616	0.9167	0.0048	0.0169
0.0402	0.0017	0.0396	0.9185
0.0013	0.0068	0.9047	0.0872
0.9107	0.0048	0.0765	0.008
0.0288	0.0298	0.0163	0.9251
0.0121	0.0085	0.0622	0.9172
0.0256	0.0315	0.0177	0.9252
<
>MOTIF1_1.5_8_10_9	8
0.8923	0.0008	0	0.1069
0.0996	0.0013	0.8974	0.0017
0.0425	0.0122	0.0221	0.9232
0.0052	0.9209	0.0307	0.0432
0.1095	0	0.0001	0.8904
0.0711	0.0021	0.9123	0.0145
0.9102	0.0074	0.0776	0.0048
0.0079	0.0639	0.9165	0.0117
<