>MOTIF1_1_8_10_0	8
0.3724	0.0002	0.6221	0.0053
0.1229	0.7809	0.004	0.0922
0.4254	0.0015	0.0001	0.573
0.421	0.0004	0.0012	0.5774
0.2566	0.0126	0.7193	0.0115
0.1038	0.0369	0.0554	0.8039
0.213	0.0027	0.0395	0.7448
0.5834	0	0.0022	0.4144
<
>MOTIF1_1_8_10_1	8
0.2136	0.0062	0.0333	0.7469
0.1199	0.0498	0.0317	0.7986
0.6037	0.0019	0.0014	0.393
0.6963	0.2848	0.0027	0.0162
0.6142	0.3812	0.0002	0.0044
0.0341	0.0625	0.099	0.8044
0.7018	0.275	0.0004	0.0228
0.2911	0.6903	0.0008	0.0178
<
>MOTIF1_1_8_10_2	8
0.6777	0.0017	0.3079	0.0127
0.4872	0	0.5128	0
0.5935	0.0018	0.4039	0.0008
0.0426	0.7818	0.1566	0.019
0.7971	0.1103	0.0726	0.02
0.0811	0.7897	0.0112	0.118
0.4224	0.0013	0.576	0.0003
0.13	0.0803	0.0067	0.783
<
>MOTIF1_1_8_10_3	8
0.1323	0.0386	0.7944	0.0347
0.809	0.0808	0.0454	0.0648
0.2661	0.0094	0.0125	0.712
0.5022	0.4978	0	0
0.7238	0.0019	0.2456	0.0287
0.6604	0.0027	0.0075	0.3294
0.7869	0.0157	0.0567	0.1407
0.6196	0.0052	0.0001	0.3751
<
>MOTIF1_1_8_10_4	8
0.3126	0.0128	0.6735	0.0011
0.1036	0.773	0.0001	0.1233
0.4905	0	0.5095	0
0.237	0.0216	0.0086	0.7328
0.4754	0	0.0001	0.5245
0.2339	0.0253	0.7342	0.0066
0.1322	0.7863	0.0708	0.0107
0.4425	0.0008	0.5567	0
<
>MOTIF1_1_8_10_5	8
0.6654	0.0021	0.0093	0.3232
0.1287	0.0948	0.0012	0.7753
0.4174	0.0005	0.5808	0.0013
0.6922	0.0128	0.2908	0.0042
0.2295	0.0258	0.0073	0.7374
0.1	0.0887	0.0158	0.7955
0.7855	0.127	0.0791	0.0084
0.0686	0.0247	0.1067	0.8
<
>MOTIF1_1_8_10_6	8
0.1086	0.7884	0.0087	0.0943
0.5543	0.0002	0.445	0.0005
0.4131	0.0008	0.0012	0.5849
0.3264	0.0084	0.6628	0.0024
0.6374	0.0062	0.0009	0.3555
0.6553	0.0032	0.006	0.3355
0.3459	0.0011	0.6458	0.0072
0.2688	0.0138	0.0076	0.7098
<
>MOTIF1_1_8_10_7	8
0.6212	0.0003	0.005	0.3735
0.4824	0	0	0.5176
0.7145	0.0065	0.2622	0.0168
0.7866	0.0763	0.1274	0.0097
0.3274	0.0011	0.01	0.6615
0.2959	0.0178	0.686	0.0003
0.5936	0.0016	0.001	0.4038
0.7514	0.2041	0.0047	0.0398
<
>MOTIF1_1_8_10_8	8
0.2565	0.0129	0.7193	0.0113
0.6997	0.2787	0.0207	0.0009
0.6695	0.0113	0.0014	0.3178
0.1331	0.7877	0.013	0.0662
0.0457	0.7756	0.0131	0.1656
0.2346	0.0083	0.0227	0.7344
0.3159	0.0015	0.0115	0.6711
0.1275	0.0062	0.7831	0.0832
<
>MOTIF1_1_8_10_9	8
0.7381	0.0168	0.2306	0.0145
0.1415	0.0271	0.0414	0.79
0.4615	0.0003	0	0.5382
0.5178	0	0.4822	0
0.4955	0	0.5045	0
0.6104	0.0027	0.3857	0.0012
0.7117	0.0213	0.0029	0.2641
0.0828	0.0052	0.1308	0.7812
<